<TICKER>,<DTYYYYMMDD>,<TIME>,<OPEN>,<HIGH>,<LOW>,<CLOSE>,<VOL>
EURUSD,20010102,230100,0.9507,0.9507,0.9507,0.9507,4
EURUSD,20010102,230200,0.9506,0.9506,0.9505,0.9505,4
EURUSD,20010102,230300,0.9505,0.9507,0.9505,0.9506,4
EURUSD,20010102,230400,0.9506,0.9506,0.9506,0.9506,4
EURUSD,20010102,230500,0.9506,0.9506,0.9506,0.9506,4
EURUSD,20010102,230600,0.9506,0.9506,0.9506,0.9506,4
EURUSD,20010102,230700,0.9505,0.9507,0.9505,0.9507,4
EURUSD,20010102,230800,0.9507,0.9507,0.9507,0.9507,4
EURUSD,20010102,230900,0.9507,0.9507,0.9507,0.9507,4
EURUSD,20010102,231000,0.9507,0.9507,0.9507,0.9507,4
EURUSD,20010102,231100,0.9507,0.9507,0.9506,0.9507,4
EURUSD,20010102,231200,0.9507,0.9507,0.9507,0.9507,4
EURUSD,20010102,231300,0.9507,0.9507,0.9507,0.9507,4
EURUSD,20010102,231400,0.9507,0.9507,0.9507,0.9507,4
EURUSD,20010102,231500,0.9507,0.9507,0.9507,0.9507,4
EURUSD,20010102,231600,0.9507,0.9507,0.9506,0.9506,4
EURUSD,20010102,232000,0.9507,0.9507,0.9507,0.9507,4
EURUSD,20010102,232100,0.9507,0.9507,0.9507,0.9507,4
EURUSD,20010102,232200,0.9507,0.9507,0.9507,0.9507,4
EURUSD,20010102,232300,0.9507,0.9507,0.9507,0.9507,4
EURUSD,20010102,232400,0.9507,0.9507,0.9507,0.9507,4
EURUSD,20010102,233000,0.9507,0.9507,0.9507,0.9507,4
EURUSD,20010102,233100,0.9508,0.9508,0.9508,0.9508,4
EURUSD,20010102,233500,0.9507,0.9507,0.9507,0.9507,4
EURUSD,20010102,233600,0.9507,0.9507,0.9507,0.9507,4
EURUSD,20010102,233700,0.9507,0.9508,0.9507,0.9508,4
EURUSD,20010102,233800,0.9509,0.9509,0.9509,0.9509,4
EURUSD,20010102,233900,0.9509,0.9509,0.9509,0.9509,4
EURUSD,20010102,234000,0.9509,0.9509,0.9509,0.9509,4
EURUSD,20010102,234100,0.9508,0.9508,0.9508,0.9508,4
EURUSD,20010102,234400,0.9508,0.9508,0.9508,0.9508,4
EURUSD,20010102,234500,0.9508,0.9508,0.9508,0.9508,4
EURUSD,20010102,234700,0.9507,0.9507,0.9507,0.9507,4
EURUSD,20010102,234900,0.9507,0.9507,0.9507,0.9507,4
EURUSD,20010102,235000,0.9507,0.9508,0.9506,0.9506,4
EURUSD,20010102,235100,0.9506,0.9506,0.9506,0.9506,4
EURUSD,20010102,235200,0.9506,0.9506,0.9506,0.9506,4
EURUSD,20010102,235300,0.9507,0.9507,0.9507,0.9507,4
EURUSD,20010102,235400,0.9507,0.9507,0.9506,0.9506,4
EURUSD,20010102,235500,0.9507,0.9507,0.9507,0.9507,4
EURUSD,20010102,235600,0.9507,0.9507,0.9507,0.9507,4
EURUSD,20010102,235700,0.9507,0.9507,0.9507,0.9507,4
EURUSD,20010102,235800,0.9507,0.9507,0.9507,0.9507,4
EURUSD,20010102,235900,0.9507,0.9507,0.9506,0.9506,4
EURUSD,20010103,000000,0.9506,0.9507,0.9506,0.9507,4
EURUSD,20010103,000100,0.9507,0.9507,0.9507,0.9507,4
EURUSD,20010103,000200,0.9507,0.9507,0.9507,0.9507,4
EURUSD,20010103,000300,0.9507,0.9507,0.9507,0.9507,4
EURUSD,20010103,000400,0.9507,0.9507,0.9507,0.9507,4
EURUSD,20010103,000500,0.9507,0.9507,0.9506,0.9507,4
EURUSD,20010103,000600,0.9507,0.9507,0.9506,0.9506,4
EURUSD,20010103,000700,0.9506,0.9506,0.9506,0.9506,4